id:1
createdAt:2023-06-1423:01:35.060Z
X:42.000555040404040
Y:42.000555040404040
lightGrade:10